129
283
426
585
845
1062
1198
1376
1537
1668
1827
1973
2130
2317
2616
2755
2890
3080
3358
3533
3701
3920
4055
4227
4366
4535
4673
4836
4970
5169
5324
5525
5692
5999
6131
6270
6435
6598
6854
7219
7354
7487
7656
7823
7985
8132
8264
8398
8563
8699
8920
9188
9331
9574
9709
9906
10059
10193
10350
10503
10639
10824
10972
11108
11299
11440
11576
11795
11996
12139
12398
12861
13015
13303
13524
13660
13796
13966
14097
14239
14389
14519
14658
14796
14943
15200
15425
15569
15714
15923
16063
16203
16356
16521
16670
16838
16980
17116
17255
17393
