19405
37430
54804
71563
88475
106710
123999
140781
157772
173729
201899
219756
239326
257387
273400
291737
307615
324808
342772
371245
394594
418376
454227
477886
503063
528269
554164
580479
606647
630198
653234
683383
701502
719725
744902
768864
791882
816655
841160
864215
889173
932816
957397
983605
1010489
1035909
1062291
1084734
1106519
1127563
1149026
1169986
1207745
1228407
1249361
1270271
1290783
1310945
1330996
1351229
1371331
1394602
1414619
1435457
1465601
1486034
1506870
1529262
1550075
1571507
1592496
